StringID   Type       x          y          demand     ReadyTime  DueDate    ServiceTime 
D0         d          40.0       50.0       0.0        0.0        960.0      0.0        
S0         f          40.0       50.0       0.0        0.0        960.0      0.0        
S1         f          73.0       52.0       0.0        0.0        960.0      0.0        
S2         f          90.0       55.0       0.0        0.0        960.0      0.0        
S3         f          55.0       79.0       0.0        0.0        960.0      0.0        
S4         f          69.0       89.0       0.0        0.0        960.0      0.0        
S5         f          32.0       80.0       0.0        0.0        960.0      0.0        
S6         f          39.0       96.0       0.0        0.0        960.0      0.0        
S7         f          23.0       80.0       0.0        0.0        960.0      0.0        
S8         f          4.0        83.0       0.0        0.0        960.0      0.0        
S9         f          18.0       58.0       0.0        0.0        960.0      0.0        
S10        f          1.0        56.0       0.0        0.0        960.0      0.0        
S11        f          13.0       31.0       0.0        0.0        960.0      0.0        
S12        f          -5.0       38.0       0.0        0.0        960.0      0.0        
S13        f          26.0       37.0       0.0        0.0        960.0      0.0        
S14        f          28.0       13.0       0.0        0.0        960.0      0.0        
S15        f          39.0       31.0       0.0        0.0        960.0      0.0        
S16        f          48.0       11.0       0.0        0.0        960.0      0.0        
S17        f          59.0       17.0       0.0        0.0        960.0      0.0        
S18        f          73.0       23.0       0.0        0.0        960.0      0.0        
S19        f          74.0       32.0       0.0        0.0        960.0      0.0        
S20        f          90.0       44.0       0.0        0.0        960.0      0.0        
C1         c          25.0       85.0       20.0       300.0      420.0      10.0       
C2         c          22.0       75.0       30.0       0.0        919.0      10.0       
C3         c          22.0       85.0       10.0       0.0        910.0      10.0       
C4         c          20.0       80.0       40.0       712.0      832.0      10.0       
C5         c          20.0       85.0       20.0       0.0        909.0      10.0       
C6         c          18.0       75.0       20.0       0.0        916.0      10.0       
C7         c          15.0       75.0       20.0       129.0      249.0      10.0       
C8         c          15.0       80.0       10.0       440.0      560.0      10.0       
C9         c          10.0       35.0       20.0       0.0        916.0      10.0       
C10        c          10.0       40.0       30.0       0.0        918.0      10.0       
C11        c          8.0        40.0       40.0       0.0        916.0      10.0       
C12        c          8.0        45.0       20.0       797.0      917.0      10.0       
C13        c          5.0        35.0       10.0       0.0        911.0      10.0       
C14        c          5.0        45.0       10.0       0.0        914.0      10.0       
C15        c          2.0        40.0       20.0       748.0      868.0      10.0       
C16        c          0.0        40.0       20.0       180.0      300.0      10.0       
C17        c          0.0        45.0       20.0       176.0      296.0      10.0       
C18        c          44.0       5.0        20.0       0.0        904.0      10.0       
C19        c          42.0       10.0       40.0       0.0        909.0      10.0       
C20        c          42.0       15.0       10.0       208.0      328.0      10.0       
C21        c          40.0       5.0        10.0       0.0        905.0      10.0       
C22        c          40.0       15.0       40.0       0.0        915.0      10.0       
C23        c          38.0       5.0        30.0       0.0        904.0      10.0       
C24        c          38.0       15.0       10.0       0.0        914.0      10.0       
C25        c          35.0       5.0        20.0       0.0        904.0      10.0       
C26        c          95.0       30.0       30.0       0.0        891.0      10.0       
C27        c          95.0       35.0       20.0       675.0      795.0      10.0       
C28        c          92.0       30.0       10.0       0.0        894.0      10.0       
C29        c          90.0       35.0       10.0       501.0      621.0      10.0       
C30        c          88.0       30.0       10.0       416.0      536.0      10.0       
C31        c          88.0       35.0       20.0       0.0        899.0      10.0       
C32        c          87.0       30.0       10.0       0.0        898.0      10.0       
C33        c          85.0       25.0       10.0       0.0        898.0      10.0       
C34        c          85.0       35.0       30.0       0.0        902.0      10.0       
C35        c          67.0       85.0       20.0       0.0        905.0      10.0       
C36        c          65.0       85.0       40.0       517.0      637.0      10.0       
C37        c          65.0       82.0       10.0       252.0      372.0      10.0       
C38        c          62.0       80.0       30.0       105.0      225.0      10.0       
C39        c          60.0       80.0       10.0       751.0      871.0      10.0       
C40        c          60.0       85.0       30.0       512.0      632.0      10.0       
C41        c          58.0       75.0       20.0       257.0      377.0      10.0       
C42        c          55.0       80.0       10.0       520.0      640.0      10.0       
C43        c          55.0       85.0       20.0       0.0        911.0      10.0       
C44        c          55.0       82.0       10.0       450.0      570.0      10.0       
C45        c          20.0       82.0       10.0       0.0        912.0      10.0       
C46        c          18.0       80.0       10.0       792.0      912.0      10.0       
C47        c          2.0        45.0       10.0       0.0        911.0      10.0       
C48        c          42.0       5.0        10.0       0.0        904.0      10.0       
C49        c          42.0       12.0       10.0       0.0        911.0      10.0       
C50        c          72.0       35.0       30.0       0.0        914.0      10.0       
C51        c          55.0       20.0       19.0       0.0        916.0      10.0       
C52        c          25.0       30.0       3.0        553.0      673.0      10.0       
C53        c          20.0       50.0       5.0        0.0        930.0      10.0       
C54        c          55.0       60.0       16.0       557.0      677.0      10.0       
C55        c          30.0       60.0       16.0       0.0        935.0      10.0       
C56        c          50.0       35.0       19.0       184.0      304.0      10.0       
C57        c          30.0       25.0       23.0       226.0      346.0      10.0       
C58        c          15.0       10.0       20.0       0.0        902.0      10.0       
C59        c          10.0       20.0       19.0       0.0        907.0      10.0       
C60        c          15.0       60.0       17.0       0.0        923.0      10.0       
C61        c          45.0       65.0       9.0        618.0      738.0      10.0       
C62        c          65.0       35.0       3.0        0.0        920.0      10.0       
C63        c          65.0       20.0       6.0        0.0        910.0      10.0       
C64        c          45.0       30.0       17.0       628.0      748.0      10.0       
C65        c          35.0       40.0       16.0       28.0       148.0      10.0       
C66        c          41.0       37.0       16.0       584.0      704.0      10.0       
C67        c          64.0       42.0       9.0        0.0        924.0      10.0       
C68        c          40.0       60.0       21.0       744.0      864.0      10.0       
C69        c          31.0       52.0       27.0       10.0       130.0      10.0       
C70        c          35.0       69.0       23.0       0.0        930.0      10.0       
C71        c          65.0       55.0       14.0       795.0      915.0      10.0       
C72        c          63.0       65.0       8.0        331.0      451.0      10.0       
C73        c          2.0        60.0       5.0        290.0      410.0      10.0       
C74        c          20.0       20.0       8.0        0.0        913.0      10.0       
C75        c          5.0        5.0        16.0       0.0        892.0      10.0       
C76        c          60.0       12.0       31.0       47.0       167.0      10.0       
C77        c          23.0       3.0        7.0        50.0       170.0      10.0       
C78        c          8.0        56.0       27.0       352.0      472.0      10.0       
C79        c          6.0        68.0       30.0       39.0       159.0      10.0       
C80        c          47.0       47.0       13.0       0.0        942.0      10.0       
C81        c          49.0       58.0       10.0       0.0        937.0      10.0       
C82        c          27.0       43.0       9.0        509.0      629.0      10.0       
C83        c          37.0       31.0       14.0       0.0        930.0      10.0       
C84        c          57.0       29.0       18.0       802.0      922.0      10.0       
C85        c          63.0       23.0       2.0        98.0       218.0      10.0       
C86        c          21.0       24.0       28.0       373.0      493.0      10.0       
C87        c          12.0       24.0       13.0       381.0      501.0      10.0       
C88        c          24.0       58.0       19.0       561.0      681.0      10.0       
C89        c          67.0       5.0        25.0       777.0      897.0      10.0       
C90        c          37.0       47.0       6.0        80.0       200.0      10.0       
C91        c          49.0       42.0       13.0       439.0      559.0      10.0       
C92        c          53.0       43.0       14.0       695.0      815.0      10.0       
C93        c          61.0       52.0       3.0        0.0        928.0      10.0       
C94        c          57.0       48.0       23.0       0.0        932.0      10.0       
C95        c          56.0       37.0       6.0        0.0        929.0      10.0       
C96        c          55.0       54.0       26.0       277.0      397.0      10.0       
C97        c          4.0        18.0       35.0       0.0        901.0      10.0       
C98        c          26.0       52.0       9.0        0.0        935.0      10.0       
C99        c          26.0       35.0       15.0       21.0       141.0      10.0       
C100       c          31.0       67.0       3.0        0.0        930.0      10.0       

Q Vehicle fuel tank capacity /209.92/
C Vehicle load capacity /1000.0/
r fuel consumption rate /1.0/
g inverse refueling rate /0.14/
v average Velocity /1.0/
